format_version=1
baseline=SEED_SUPPORTS
universal_status=INCONCLUSIVE

shell distance=4 exact_indexed_transitions=7383 local_unique=27 hall_valid=6
support 015 015 023 032 038 049 04a 052 064 0a8 0b0 0d0 10e 121 141 160 186 18a 18c 203 209 218 224 244 281 2c0 314 382
model (0) (1,28) (2,29) (3,14) (4,27) (5,17) (6,38) (7,20) (8,18) (9,32) (10,21) (11,25) (12,24) (13,16) (15,22) (19,34) (23,30) (26,37) (31,36) (33,35)
support 015 015 023 032 038 049 04a 052 064 0a8 0b0 0d0 10e 121 141 160 186 18a 18c 203 20d 218 224 244 281 2c0 310 382
model (0) (1,34) (2,26) (3,36) (4,25) (5,29) (6,16) (7,33) (8,37) (9,13) (10,23) (11,35) (12,21) (14,22) (15,19) (17,20) (18,32) (24,31) (27,30) (28,38)
support 015 015 023 032 038 049 04a 052 064 0a8 0b0 0d0 10e 121 145 160 186 18a 18c 203 209 218 224 244 281 2c0 310 382
model (0) (1,14) (2,36) (3,17) (4,11) (5,20) (6,38) (7,32) (8,18) (9,31) (10,23) (12,16) (13,35) (15,21) (19,24) (22,29) (25,28) (26,33) (27,34) (30,37)
support 015 015 023 032 038 049 04a 052 064 0a8 0b0 0d0 10e 125 141 160 186 18a 18c 203 209 218 224 244 281 2c0 310 382
model (0) (1,18) (2,22) (3,28) (4,27) (5,17) (6,23) (7,30) (8,15) (9,20) (10,21) (11,35) (12,14) (13,19) (16,25) (24,34) (26,29) (31,37) (32,36) (33,38)
support 015 015 023 032 038 049 04a 052 064 0a8 0b0 0d4 10e 121 141 160 186 18a 18c 203 209 218 224 244 281 2c0 310 382
model (0) (1,34) (2,26) (3,32) (4,14) (5,17) (6,22) (7,28) (8,24) (9,35) (10,23) (11,19) (12,15) (13,33) (16,20) (18,21) (25,27) (29,37) (30,38) (31,36)
support 015 015 027 032 038 049 04a 052 064 0a8 0b0 0d0 10e 121 141 160 186 18a 18c 203 209 218 224 244 281 2c0 310 382
model (0) (1,27) (2,22) (3,24) (4,14) (5,29) (6,12) (7,31) (8,25) (9,19) (10,23) (11,15) (13,17) (16,20) (18,37) (21,38) (26,34) (28,36) (30,33) (32,35)

shell distance=6 exact_indexed_transitions=1202709 local_unique=114 hall_valid=3
support 013 015 015 023 038 049 04a 052 064 0ac 0b0 0d0 10e 121 141 160 186 18a 18c 209 218 222 224 244 281 2c0 310 382
model (0) (1,19) (2,37) (3,21) (4,36) (5,34) (6,25) (7,12) (8,15) (9,32) (10,11) (13,33) (14,35) (16,28) (17,31) (18,26) (20,29) (22,27) (23,30) (24,38)
support 015 015 023 038 049 04a 052 064 096 0a8 0b0 0d0 10e 121 141 160 186 18a 18c 203 218 222 224 244 281 2c0 309 310
model (0) (1,18) (2,22) (3,13) (4,19) (5,36) (6,28) (7,35) (8,25) (9,15) (10,23) (11,33) (12,37) (14,24) (16,34) (17,21) (20,31) (26,29) (27,32) (30,38)
support 015 023 032 038 049 04a 052 064 08e 0a8 0b0 0d0 10e 115 121 141 160 186 18c 203 209 218 224 244 281 2c0 310 382
model (0) (1,16) (2,25) (3,15) (4,24) (5,23) (6,28) (7,21) (8,27) (9,35) (10,18) (11,31) (12,20) (13,22) (14,32) (17,37) (19,36) (26,30) (29,33) (34,38)

graph_isomorphism_classes known_seed_components=6 shell4_new=2 shell6_new=3 total=11
all_hall_states_explicit_properties=true
all_hall_states_spanning_model=true
