format_version=1
scope=complete_L1_distance_4_shells_from_six_successor_classes
universal_status=INCONCLUSIVE

saturated_center=1 exact_indexed_transitions=7152 local_unique=31 hall_valid=4
saturated_center=2 exact_indexed_transitions=7157 local_unique=29 hall_valid=3
saturated_center=3 exact_indexed_transitions=7157 local_unique=31 hall_valid=4
unsaturated_center=4 degrees=9,9,8,9,9,9,9,9,9,9 exact_indexed_transitions=23820 local_unique=51 hall_valid=1
saturated_center=5 exact_indexed_transitions=7190 local_unique=15 hall_valid=2
saturated_center=6 exact_indexed_transitions=7127 local_unique=18 hall_valid=4

hall_union=12
new_labeled_states=8
new_graph_isomorphism_classes=7

support 00d 013 015 023 038 04a 052 058 064 0ac 0b0 0c1 10e 121 141 160 186 18a 194 209 218 222 224 244 281 2c0 310 382
model (0) (1,20) (2,24) (3,14) (4,21) (5,16) (6,18) (7,31) (8,34) (9,15) (10,22) (11,29) (12,17) (13,19) (23,32) (25,37) (26,28) (27,35) (30,33) (36,38)
support 013 015 015 023 038 049 04a 054 064 0ac 0b0 0c1 10e 121 150 160 186 18a 18c 209 218 222 224 242 281 2c0 310 382
model (0) (1,28) (2,22) (3,25) (4,35) (5,17) (6,16) (7,29) (8,12) (9,32) (10,19) (11,21) (13,23) (14,33) (15,31) (18,37) (20,38) (24,30) (26,27) (34,36)
support 013 015 015 023 038 049 04a 064 0ac 0b0 0c1 0d0 10e 121 150 160 186 18a 18c 209 218 222 224 242 244 281 310 382
model (0) (1,17) (2,29) (3,15) (4,24) (5,16) (6,28) (7,30) (8,14) (9,20) (10,26) (11,37) (12,18) (13,31) (19,23) (21,22) (25,34) (27,33) (32,36) (35,38)
support 013 015 015 023 038 049 04a 064 0ac 0b0 0d0 10e 121 141 150 186 18a 18c 1a2 209 218 222 224 242 244 281 2c0 310
model (0) (1,19) (2,15) (3,36) (4,20) (5,34) (6,31) (7,22) (8,11) (9,37) (10,14) (12,35) (13,28) (16,25) (17,26) (18,33) (21,27) (23,32) (24,30) (29,38)
support 013 015 015 023 038 04a 058 062 064 0ac 0b0 0c1 10e 121 141 150 186 18a 18c 209 218 222 224 244 281 2c0 310 382
model (0) (1,27) (2,30) (3,28) (4,18) (5,16) (6,23) (7,38) (8,31) (9,33) (10,19) (11,24) (12,25) (13,29) (14,22) (15,21) (17,26) (20,34) (32,37) (35,36)
support 015 015 023 038 04a 052 064 08e 0a8 0b0 0c1 0d0 10e 121 132 141 160 186 18c 203 209 218 224 244 248 281 310 382
model (0) (1,16) (2,37) (3,20) (4,21) (5,17) (6,22) (7,33) (8,25) (9,19) (10,24) (11,31) (12,18) (13,23) (14,35) (15,34) (26,38) (27,28) (29,32) (30,36)
support 015 023 032 038 04a 051 064 08e 0a8 0b0 0c1 0d0 10e 116 121 141 160 186 18c 203 209 218 224 244 248 281 310 382
model (0) (1,23) (2,29) (3,15) (4,24) (5,28) (6,32) (7,18) (8,25) (9,19) (10,21) (11,14) (12,16) (13,33) (17,22) (20,27) (26,38) (30,35) (31,37) (34,36)
support 015 023 032 04a 052 058 064 08e 0a8 0b0 0c1 0d0 10e 115 121 141 160 186 18c 203 209 218 224 228 244 281 310 382
model (0) (1,16) (2,26) (3,14) (4,24) (5,17) (6,18) (7,31) (8,23) (9,11) (10,27) (12,21) (13,22) (15,30) (19,20) (25,28) (29,34) (32,35) (33,37) (36,38)

all_new_states_explicit_properties=true
all_new_states_spanning_model=true
