format_version=1
scope=complete_L1_distance_4_shells_from_two_wave6_classes
universal_status=INCONCLUSIVE

center=1 exact_indexed_transitions=7118 local_unique=54 hall_valid=8
center=2 exact_indexed_transitions=7071 local_unique=51 hall_valid=7
hall_union=15
new_labeled_states=13
new_graph_isomorphism_classes=9

support 013 015 023 029 034 052 058 064 08e 0b0 0c1 0d0 10e 121 141 160 186 18a 18c 209 218 222 224 244 248 281 310 382
model (0) (1,18) (2,33) (3,16) (4,15) (5,27) (6,28) (7,37) (8,35) (9,19) (10,29) (11,20) (12,34) (13,30) (14,21) (17,25) (22,38) (23,26) (24,32) (31,36)
support 013 015 023 029 038 052 058 064 064 08e 0b0 0c1 10e 121 141 150 186 18a 18c 209 212 218 224 244 281 2c0 320 382
model (0) (1,26) (2,37) (3,16) (4,21) (5,22) (6,29) (7,24) (8,13) (9,15) (10,19) (11,30) (12,35) (14,28) (17,31) (18,20) (23,25) (27,33) (32,36) (34,38)
support 013 015 023 029 038 052 058 064 064 08e 0b0 0c1 10e 121 141 150 186 18a 18c 209 218 222 224 244 281 290 340 382
model (0) (1,20) (2,37) (3,28) (4,24) (5,25) (6,29) (7,27) (8,18) (9,15) (10,22) (11,38) (12,23) (13,30) (14,21) (16,26) (17,19) (31,35) (32,34) (33,36)
support 013 015 023 029 038 052 058 064 064 08e 0b0 0c1 10e 121 141 150 186 18a 18c 209 222 224 244 248 281 290 310 382
model (0) (1,26) (2,35) (3,36) (4,38) (5,27) (6,17) (7,21) (8,14) (9,11) (10,23) (12,19) (13,22) (15,28) (16,25) (18,31) (20,34) (24,29) (30,37) (32,33)
support 013 015 023 029 038 052 058 064 064 08e 0b0 0c1 10e 121 141 150 186 18a 18c 218 222 224 244 281 28a 2c0 301 310
model (0) (1,18) (2,38) (3,16) (4,32) (5,36) (6,27) (7,24) (8,37) (9,15) (10,22) (11,31) (12,25) (13,21) (14,28) (17,19) (20,34) (23,35) (26,30) (29,33)
support 013 015 023 029 038 052 058 064 08e 0b0 0c1 0d0 10e 121 141 160 186 18a 18c 203 209 218 224 244 244 2a0 310 382
model (0) (1,27) (2,37) (3,30) (4,13) (5,34) (6,28) (7,11) (8,18) (9,35) (10,16) (12,14) (15,36) (17,22) (19,21) (20,33) (23,26) (24,31) (25,29) (32,38)
support 013 015 023 029 038 052 058 064 08e 0b0 0c1 0d0 10e 121 141 160 186 18a 18c 205 209 218 222 244 244 2a0 310 382
model (0) (1,18) (2,34) (3,22) (4,36) (5,13) (6,28) (7,27) (8,15) (9,35) (10,26) (11,14) (12,23) (16,37) (17,31) (19,32) (20,29) (21,24) (25,30) (33,38)
support 013 015 023 029 038 052 058 064 08e 0b0 0c1 0d0 10e 121 141 160 186 18a 18c 209 214 222 224 244 248 281 310 382
model (0) (1,18) (2,34) (3,16) (4,26) (5,27) (6,17) (7,32) (8,23) (9,36) (10,22) (11,31) (12,21) (13,38) (14,19) (15,20) (24,25) (28,29) (30,37) (33,35)
support 013 015 023 029 049 052 058 064 064 08e 0b0 0c1 10e 121 130 150 186 18a 18c 209 218 222 224 244 281 2c0 310 382
model (0) (1,18) (2,15) (3,21) (4,27) (5,29) (6,20) (7,31) (8,14) (9,35) (10,25) (11,24) (12,19) (13,16) (17,37) (22,30) (23,33) (26,36) (28,32) (34,38)
support 013 015 029 038 043 052 058 064 08e 0a1 0b0 0d0 10e 121 141 160 186 18a 18c 209 218 222 224 244 244 281 310 382
model (0) (1,21) (2,37) (3,36) (4,25) (5,34) (6,28) (7,19) (8,26) (9,15) (10,27) (11,16) (12,18) (13,32) (14,23) (17,22) (20,24) (29,30) (31,38) (33,35)
support 013 015 029 038 052 058 064 064 08e 0b0 0c1 10e 121 141 150 186 18a 18c 1a2 203 209 218 222 224 244 281 2c0 310
model (0) (1,28) (2,38) (3,20) (4,17) (5,19) (6,31) (7,32) (8,35) (9,33) (10,24) (11,27) (12,25) (13,36) (14,23) (15,29) (16,21) (18,22) (26,30) (34,37)
support 013 015 029 038 052 058 064 08e 0b0 0c1 0d0 10e 121 141 160 186 18a 18c 1a2 203 209 218 222 224 244 244 281 310
model (0) (1,15) (2,25) (3,13) (4,26) (5,20) (6,31) (7,12) (8,36) (9,11) (10,19) (14,33) (16,21) (17,18) (22,35) (23,24) (27,28) (29,38) (30,37) (32,34)
support 015 023 029 038 043 052 058 064 064 08e 0b0 0c1 10e 111 121 150 186 18a 18c 209 218 222 224 244 281 2c0 310 382
model (0) (1,18) (2,37) (3,35) (4,24) (5,28) (6,29) (7,20) (8,32) (9,15) (10,22) (11,34) (12,16) (13,19) (14,33) (17,26) (21,25) (23,30) (27,36) (31,38)

all_new_states_explicit_properties=true
all_new_states_spanning_model=true
